No,filter,DR,LR,AC

5 , 3 , 0.4 , 0.001 , 63.999998569488525 

5 , 3 , 0.4 , 0.0001 , 60.50000190734863 

5 , 3 , 0.4 , 0.0005 , 66.00000262260437 

5 , 3 , 0.5 , 0.001 , 67.5000011920929 

5 , 3 , 0.5 , 0.0001 , 57.499998807907104 

5 , 3 , 0.5 , 0.0005 , 59.50000286102295 

5 , 3 , 0.6 , 0.001 , 61.500000953674316 

5 , 3 , 0.6 , 0.0001 , 63.499999046325684 

5 , 3 , 0.6 , 0.0005 , 62.99999952316284 

5 , 5 , 0.4 , 0.001 , 64.49999809265137 

5 , 5 , 0.4 , 0.0001 , 61.500000953674316 

5 , 5 , 0.4 , 0.0005 , 62.5 

5 , 5 , 0.5 , 0.001 , 62.00000047683716 

5 , 5 , 0.5 , 0.0001 , 60.50000190734863 

5 , 5 , 0.5 , 0.0005 , 61.000001430511475 

5 , 5 , 0.6 , 0.001 , 63.499999046325684 

5 , 5 , 0.6 , 0.0001 , 61.500000953674316 

5 , 5 , 0.6 , 0.0005 , 64.49999809265137 

5 , 7 , 0.4 , 0.001 , 62.5 

5 , 7 , 0.4 , 0.0001 , 61.500000953674316 

5 , 7 , 0.4 , 0.0005 , 66.00000262260437 

5 , 7 , 0.5 , 0.001 , 60.00000238418579 

5 , 7 , 0.5 , 0.0001 , 60.50000190734863 

5 , 7 , 0.5 , 0.0005 , 67.5000011920929 

5 , 7 , 0.6 , 0.001 , 64.99999761581421 

5 , 7 , 0.6 , 0.0001 , 67.00000166893005 

5 , 7 , 0.6 , 0.0005 , 66.00000262260437 

5 , 9 , 0.4 , 0.001 , 62.00000047683716 

5 , 9 , 0.4 , 0.0001 , 67.5000011920929 

5 , 9 , 0.4 , 0.0005 , 63.499999046325684 

5 , 9 , 0.5 , 0.001 , 66.00000262260437 

5 , 9 , 0.5 , 0.0001 , 68.99999976158142 

5 , 9 , 0.5 , 0.0005 , 66.50000214576721 

5 , 9 , 0.6 , 0.001 , 61.500000953674316 

5 , 9 , 0.6 , 0.0001 , 64.49999809265137 

5 , 9 , 0.6 , 0.0005 , 63.999998569488525 

7 , 3 , 0.4 , 0.001 , 66.50000214576721 

7 , 3 , 0.4 , 0.0001 , 62.00000047683716 

7 , 3 , 0.4 , 0.0005 , 63.999998569488525 

7 , 3 , 0.5 , 0.001 , 64.49999809265137 

7 , 3 , 0.5 , 0.0001 , 64.49999809265137 

7 , 3 , 0.5 , 0.0005 , 67.00000166893005 

7 , 3 , 0.6 , 0.001 , 68.99999976158142 

7 , 3 , 0.6 , 0.0001 , 62.5 

7 , 3 , 0.6 , 0.0005 , 69.49999928474426 

7 , 5 , 0.4 , 0.001 , 62.00000047683716 

7 , 5 , 0.4 , 0.0001 , 65.49999713897705 

7 , 5 , 0.4 , 0.0005 , 69.49999928474426 

7 , 5 , 0.5 , 0.001 , 67.00000166893005 

7 , 5 , 0.5 , 0.0001 , 62.00000047683716 

7 , 5 , 0.5 , 0.0005 , 61.000001430511475 

7 , 5 , 0.6 , 0.001 , 63.499999046325684 

7 , 5 , 0.6 , 0.0001 , 63.499999046325684 

7 , 5 , 0.6 , 0.0005 , 62.00000047683716 

7 , 7 , 0.4 , 0.001 , 60.50000190734863 

7 , 7 , 0.4 , 0.0001 , 68.00000071525574 

7 , 7 , 0.4 , 0.0005 , 70.99999785423279 

7 , 7 , 0.5 , 0.001 , 63.999998569488525 

7 , 7 , 0.5 , 0.0001 , 64.49999809265137 

7 , 7 , 0.5 , 0.0005 , 69.49999928474426 

7 , 7 , 0.6 , 0.001 , 63.999998569488525 

7 , 7 , 0.6 , 0.0001 , 64.49999809265137 

7 , 7 , 0.6 , 0.0005 , 67.5000011920929 

7 , 9 , 0.4 , 0.001 , 64.99999761581421 

7 , 9 , 0.4 , 0.0001 , 67.00000166893005 

7 , 9 , 0.4 , 0.0005 , 66.00000262260437 

7 , 9 , 0.5 , 0.001 , 66.00000262260437 

7 , 9 , 0.5 , 0.0001 , 63.999998569488525 

7 , 9 , 0.5 , 0.0005 , 62.5 

7 , 9 , 0.6 , 0.001 , 61.000001430511475 

7 , 9 , 0.6 , 0.0001 , 60.00000238418579 

7 , 9 , 0.6 , 0.0005 , 62.5 

9 , 3 , 0.4 , 0.001 , 64.99999761581421 

9 , 3 , 0.4 , 0.0001 , 61.500000953674316 

9 , 3 , 0.4 , 0.0005 , 66.50000214576721 

9 , 3 , 0.5 , 0.001 , 61.500000953674316 

9 , 3 , 0.5 , 0.0001 , 64.99999761581421 

9 , 3 , 0.5 , 0.0005 , 62.99999952316284 

9 , 3 , 0.6 , 0.001 , 63.999998569488525 

9 , 3 , 0.6 , 0.0001 , 62.5 

9 , 3 , 0.6 , 0.0005 , 73.50000143051147 

9 , 5 , 0.4 , 0.001 , 63.499999046325684 

9 , 5 , 0.4 , 0.0001 , 60.50000190734863 

9 , 5 , 0.4 , 0.0005 , 71.49999737739563 

9 , 5 , 0.5 , 0.001 , 66.00000262260437 

9 , 5 , 0.5 , 0.0001 , 62.00000047683716 

9 , 5 , 0.5 , 0.0005 , 69.49999928474426 

9 , 5 , 0.6 , 0.001 , 68.00000071525574 

9 , 5 , 0.6 , 0.0001 , 67.00000166893005 

9 , 5 , 0.6 , 0.0005 , 70.99999785423279 

9 , 7 , 0.4 , 0.001 , 61.500000953674316 

9 , 7 , 0.4 , 0.0001 , 64.99999761581421 

9 , 7 , 0.4 , 0.0005 , 64.99999761581421 

9 , 7 , 0.5 , 0.001 , 64.49999809265137 

9 , 7 , 0.5 , 0.0001 , 68.00000071525574 

9 , 7 , 0.5 , 0.0005 , 70.49999833106995 

9 , 7 , 0.6 , 0.001 , 68.99999976158142 

9 , 7 , 0.6 , 0.0001 , 66.00000262260437 

9 , 7 , 0.6 , 0.0005 , 69.9999988079071 

9 , 9 , 0.4 , 0.001 , 68.50000023841858 

9 , 9 , 0.4 , 0.0001 , 64.99999761581421 

9 , 9 , 0.4 , 0.0005 , 66.00000262260437 

9 , 9 , 0.5 , 0.001 , 66.50000214576721 

9 , 9 , 0.5 , 0.0001 , 67.5000011920929 

9 , 9 , 0.5 , 0.0005 , 69.49999928474426 

9 , 9 , 0.6 , 0.001 , 64.99999761581421 

9 , 9 , 0.6 , 0.0001 , 64.49999809265137 

9 , 9 , 0.6 , 0.0005 , 73.00000190734863 

10 , 3 , 0.4 , 0.001 , 67.00000166893005 

10 , 3 , 0.4 , 0.0001 , 62.99999952316284 

10 , 3 , 0.4 , 0.0005 , 63.999998569488525 

10 , 3 , 0.5 , 0.001 , 63.999998569488525 

10 , 3 , 0.5 , 0.0001 , 58.99999737739563 

10 , 3 , 0.5 , 0.0005 , 64.49999809265137 

10 , 3 , 0.6 , 0.001 , 70.99999785423279 

10 , 3 , 0.6 , 0.0001 , 63.499999046325684 

10 , 3 , 0.6 , 0.0005 , 68.00000071525574 

10 , 5 , 0.4 , 0.001 , 68.00000071525574 

10 , 5 , 0.4 , 0.0001 , 62.00000047683716 

10 , 5 , 0.4 , 0.0005 , 66.00000262260437 

10 , 5 , 0.5 , 0.001 , 57.999998331069946 

10 , 5 , 0.5 , 0.0001 , 62.99999952316284 

10 , 5 , 0.5 , 0.0005 , 72.00000286102295 

10 , 5 , 0.6 , 0.001 , 69.49999928474426 

10 , 5 , 0.6 , 0.0001 , 62.00000047683716 

10 , 5 , 0.6 , 0.0005 , 70.49999833106995 

10 , 7 , 0.4 , 0.001 , 62.5 

10 , 7 , 0.4 , 0.0001 , 68.00000071525574 

10 , 7 , 0.4 , 0.0005 , 50.0 

10 , 7 , 0.5 , 0.001 , 68.50000023841858 

10 , 7 , 0.5 , 0.0001 , 64.49999809265137 

10 , 7 , 0.5 , 0.0005 , 75.49999952316284 
