No,filter,DR,LR,AC

5 , 3 , 0.4 , 0.001 , 68.00000071525574 

5 , 3 , 0.4 , 0.0001 , 64.49999809265137 

5 , 3 , 0.4 , 0.0005 , 62.5 

5 , 3 , 0.5 , 0.001 , 58.49999785423279 

5 , 3 , 0.5 , 0.0001 , 66.50000214576721 

5 , 3 , 0.5 , 0.0005 , 65.49999713897705 

5 , 3 , 0.6 , 0.001 , 56.00000023841858 

5 , 3 , 0.6 , 0.0001 , 58.99999737739563 

5 , 3 , 0.6 , 0.0005 , 63.499999046325684 

5 , 5 , 0.4 , 0.001 , 64.49999809265137 

5 , 5 , 0.4 , 0.0001 , 69.49999928474426 

5 , 5 , 0.4 , 0.0005 , 63.499999046325684 

5 , 5 , 0.5 , 0.001 , 63.499999046325684 

5 , 5 , 0.5 , 0.0001 , 62.00000047683716 

5 , 5 , 0.5 , 0.0005 , 63.999998569488525 

5 , 5 , 0.6 , 0.001 , 62.5 

5 , 5 , 0.6 , 0.0001 , 68.50000023841858 

5 , 5 , 0.6 , 0.0005 , 67.00000166893005 

5 , 7 , 0.4 , 0.001 , 64.49999809265137 

5 , 7 , 0.4 , 0.0001 , 67.00000166893005 

5 , 7 , 0.4 , 0.0005 , 67.00000166893005 

5 , 7 , 0.5 , 0.001 , 63.999998569488525 

5 , 7 , 0.5 , 0.0001 , 65.49999713897705 

5 , 7 , 0.5 , 0.0005 , 63.499999046325684 

5 , 7 , 0.6 , 0.001 , 62.00000047683716 

5 , 7 , 0.6 , 0.0001 , 72.50000238418579 

5 , 7 , 0.6 , 0.0005 , 67.5000011920929 

5 , 9 , 0.4 , 0.001 , 68.00000071525574 

5 , 9 , 0.4 , 0.0001 , 66.00000262260437 

5 , 9 , 0.4 , 0.0005 , 67.00000166893005 

5 , 9 , 0.5 , 0.001 , 64.99999761581421 

5 , 9 , 0.5 , 0.0001 , 63.999998569488525 

5 , 9 , 0.5 , 0.0005 , 62.5 

5 , 9 , 0.6 , 0.001 , 65.49999713897705 

5 , 9 , 0.6 , 0.0001 , 72.00000286102295 

5 , 9 , 0.6 , 0.0005 , 70.49999833106995 

7 , 3 , 0.4 , 0.001 , 56.99999928474426 

7 , 3 , 0.4 , 0.0001 , 68.99999976158142 

7 , 3 , 0.4 , 0.0005 , 62.99999952316284 

7 , 3 , 0.5 , 0.001 , 57.499998807907104 

7 , 3 , 0.5 , 0.0001 , 68.00000071525574 

7 , 3 , 0.5 , 0.0005 , 63.999998569488525 

7 , 3 , 0.6 , 0.001 , 64.49999809265137 

7 , 3 , 0.6 , 0.0001 , 63.499999046325684 

7 , 3 , 0.6 , 0.0005 , 63.499999046325684 

7 , 5 , 0.4 , 0.001 , 61.500000953674316 

7 , 5 , 0.4 , 0.0001 , 70.99999785423279 

7 , 5 , 0.4 , 0.0005 , 66.00000262260437 

7 , 5 , 0.5 , 0.001 , 64.49999809265137 

7 , 5 , 0.5 , 0.0001 , 68.00000071525574 

7 , 5 , 0.5 , 0.0005 , 68.99999976158142 

7 , 5 , 0.6 , 0.001 , 62.00000047683716 

7 , 5 , 0.6 , 0.0001 , 68.99999976158142 

7 , 5 , 0.6 , 0.0005 , 66.00000262260437 

7 , 7 , 0.4 , 0.001 , 62.00000047683716 

7 , 7 , 0.4 , 0.0001 , 67.5000011920929 

7 , 7 , 0.4 , 0.0005 , 64.49999809265137 

7 , 7 , 0.5 , 0.001 , 68.99999976158142 

7 , 7 , 0.5 , 0.0001 , 67.00000166893005 

7 , 7 , 0.5 , 0.0005 , 67.5000011920929 

7 , 7 , 0.6 , 0.001 , 63.499999046325684 

7 , 7 , 0.6 , 0.0001 , 73.00000190734863 

7 , 7 , 0.6 , 0.0005 , 60.00000238418579 

7 , 9 , 0.4 , 0.001 , 63.499999046325684 

7 , 9 , 0.4 , 0.0001 , 70.49999833106995 

7 , 9 , 0.4 , 0.0005 , 68.99999976158142 

7 , 9 , 0.5 , 0.001 , 67.00000166893005 

7 , 9 , 0.5 , 0.0001 , 69.9999988079071 

7 , 9 , 0.5 , 0.0005 , 69.9999988079071 

7 , 9 , 0.6 , 0.001 , 64.99999761581421 

7 , 9 , 0.6 , 0.0001 , 73.00000190734863 

7 , 9 , 0.6 , 0.0005 , 66.00000262260437 

9 , 3 , 0.4 , 0.001 , 64.99999761581421 

9 , 3 , 0.4 , 0.0001 , 67.00000166893005 

9 , 3 , 0.4 , 0.0005 , 62.99999952316284 

9 , 3 , 0.5 , 0.001 , 67.00000166893005 

9 , 3 , 0.5 , 0.0001 , 72.00000286102295 

9 , 3 , 0.5 , 0.0005 , 64.99999761581421 

9 , 3 , 0.6 , 0.001 , 67.00000166893005 

9 , 3 , 0.6 , 0.0001 , 70.99999785423279 

9 , 3 , 0.6 , 0.0005 , 62.5 

9 , 5 , 0.4 , 0.001 , 68.50000023841858 

9 , 5 , 0.4 , 0.0001 , 66.00000262260437 

9 , 5 , 0.4 , 0.0005 , 64.99999761581421 

9 , 5 , 0.5 , 0.001 , 64.99999761581421 

9 , 5 , 0.5 , 0.0001 , 68.50000023841858 

9 , 5 , 0.5 , 0.0005 , 68.50000023841858 

9 , 5 , 0.6 , 0.001 , 64.99999761581421 

9 , 5 , 0.6 , 0.0001 , 70.49999833106995 

9 , 5 , 0.6 , 0.0005 , 67.5000011920929 

9 , 7 , 0.4 , 0.001 , 67.5000011920929 

9 , 7 , 0.4 , 0.0001 , 75.0
